        0.000000e+00         0.000000e+00
        2.000000e+01         0.000000e+00
        3.842534e+01         0.000000e+00
        6.364780e+01         0.000000e+00
        9.563696e+01         0.000000e+00
        1.344833e+02         0.000000e+00
        1.805844e+02         0.000000e+00
        2.347791e+02         0.000000e+00
        2.984958e+02         0.000000e+00
        3.739719e+02         0.000000e+00
        4.646181e+02         0.000000e+00
        5.756510e+02         0.000000e+00
        7.132181e+02         0.000000e+00
        8.836605e+02         0.000000e+00
        1.094835e+03         0.000000e+00
        1.356475e+03         0.000000e+00
        1.680640e+03         0.000000e+00
        2.082274e+03         0.000000e+00
        2.579889e+03         0.000000e+00
        3.196422e+03         0.000000e+00
        3.960292e+03         0.000000e+00
        4.906708e+03         0.000000e+00
        6.018020e+03         0.000000e+00
        7.306631e+03         0.000000e+00
        8.765054e+03         7.600000e-05
        1.037613e+04         4.610000e-04
        1.207745e+04         1.815000e-03
        1.377533e+04         5.081000e-03
        1.537981e+04         1.114300e-02
        1.681947e+04         2.067800e-02
        1.804518e+04         3.412100e-02
        1.902770e+04         5.169000e-02
        1.975511e+04         7.353400e-02
        2.022221e+04         9.967500e-02
        2.042986e+04         1.300230e-01
        2.038448e+04         1.643840e-01
        2.009740e+04         2.024760e-01
        1.958433e+04         2.439330e-01
        1.886475e+04         2.883230e-01
        1.796136e+04         3.351550e-01
        1.689947e+04         3.838920e-01
        1.570645e+04         4.339630e-01
        1.441112e+04         4.847720e-01
        1.304322e+04         5.357100e-01
        1.163276e+04         5.861680e-01
        1.020950e+04         6.355470e-01
        8.802356e+03         6.832690e-01
        7.438803e+03         7.287860e-01
        6.144315e+03         7.715970e-01
        4.941778e+03         8.112530e-01
        3.850913e+03         8.473750e-01
        2.887697e+03         8.796570e-01
        2.063780e+03         9.078840e-01
        1.385913e+03         9.319400e-01
        8.553618e+02         9.518220e-01
        4.673336e+02         9.676450e-01
        2.103939e+02         9.796630e-01
        6.588924e+01         9.882700e-01
        7.367743e+00         9.940190e-01
        0.000000e+00         9.976300e-01
        0.000000e+00         1.000000e+00
